// Front face
-0.25   0.75   -2.95  0.0 1.0
-0.25   0.25   -2.95  0.0 0.0
 0.25   0.25   -2.95  1.0 0.0
-0.25   0.75   -2.95  0.0 1.0
 0.25   0.75   -2.95  1.0 1.0
 0.25   0.25   -2.95  1.0 0.0

// Back face 
-0.25   0.75  -3.0    1.0 1.0
-0.25   0.25  -3.0    1.0 0.0
 0.25   0.25  -3.0    0.0 0.0
-0.25   0.75  -3.0    1.0 1.0
 0.25   0.75  -3.0    0.0 1.0
 0.25   0.25  -3.0    0.0 0.0

// Top face
-0.25   0.75  -3.0    0.0 1.0
-0.25   0.75  -2.95   0.0 0.0
 0.25   0.75  -2.95   1.0 0.0
-0.25   0.75  -3.0    0.0 1.0
 0.25   0.75  -3.0    1.0 1.0
 0.25   0.75  -2.95   1.0 0.0

// Bottom face
-0.25  0.25   -3.0    1.0 1.0
-0.25  0.25   -2.95   1.0 0.0
 0.25  0.25   -2.95   0.0 0.0
-0.25  0.25   -3.0    1.0 1.0
 0.25  0.25   -3.0    0.0 1.0
 0.25  0.25   -2.95   0.0 0.0

// Right face
0.25   0.25  -2.95    0.0 0.0
0.25   0.25  -3.0     1.0 0.0
0.25   0.75  -3.0     1.0 1.0
0.25   0.25  -2.95    0.0 0.0
0.25   0.75  -2.95    0.0 1.0
0.25   0.75  -3.0     1.0 1.0

// Left face
-0.25  0.25  -2.95    1.0 0.0
-0.25  0.25  -3.0     0.0 0.0
-0.25  0.75  -3.0     0.0 1.0
-0.25  0.25  -2.95    1.0 0.0
-0.25  0.75  -2.95    1.0 1.0
-0.25  0.75  -3.0     0.0 1.0

