// Far wall (A1)

-3.0  1.0  -3.0 0.0 1.0
-3.0  0.0  -3.0 0.0 0.0
 3.0  0.0  -3.0 6.0 0.0
-3.0  1.0  -3.0 0.0 1.0
 3.0  1.0  -3.0 6.0 1.0
 3.0  0.0  -3.0 6.0 0.0

// Near wall (B1)

-3.0  1.0  3.0 6.0  1.0
-3.0  0.0  3.0 6.0  0.0
 3.0  0.0  3.0 0.0  0.0
-3.0  1.0  3.0 6.0  1.0
 3.0  1.0  3.0 0.0  1.0
 3.0  0.0  3.0 0.0  0.0

// Left wall (C1)

-3.0  1.0  -3.0 0.0  1.0
-3.0  0.0   -3.0 0.0 0.0
-3.0  0.0   3.0 6.0 0.0
-3.0  1.0  -3.0 0.0  1.0
-3.0  1.0  3.0 6.0  1.0
-3.0  0.0  3.0 6.0 0.0

// Right wall (D1)

3.0  1.0  -3.0 0.0 1.0
3.0  0.0   -3.0 0.0 0.0
3.0  0.0   3.0 6.0 0.0
3.0  1.0  -3.0 0.0 1.0
3.0  1.0  3.0 6.0 1.0
3.0  0.0  3.0 6.0 0.0
